N: 10
Lm: 0.01
E: 800
P: 100
a_e: 0.000000008
Weq: 0.15
Mu_2_I: 0.09
Mu_2_II: 0.09
ke_I: 1.383
ke_II: 0.546
T_inf: 253.15
Tsec: 253.15
Ts3: 273.2
Tref: 293.15
Ro_e_I: 978.1
Ro_bu_II: 1040
C_p_e_I: 3055
C_p_e_II: 4060
del_h: 2616666.7
Wp_primary: 0.98
Weq_primary: 0.15
del_tr: 100
delta_t: 100
del_X: 0.01
Wp_secondary: 0.15
Weq_secondary: 0.04
rp: 0.00000000421
Rgaz: 8.314
Ro_II: 1040
M: 0.018
dz: 0.001
e_por: 0.667
Eo: 4390
Dso: 0.000000001
Wo: 0.3703
const_a: 1387.82
const_b: 0.00000017
const_c: 1511.02
eps: 0.000001
Boundaries:
  ? Left: -79228162514264337593543950335
    Right: 18000
  : 273
  ? Left: 18000
    Right: 36000
  : 278
  ? Left: 36000
    Right: 79228162514264337593543950335
  : 293
