DryingTime: 3600 # T общ (в секундах) - ограничение расчета по времени

L: 0.004 #Высота стакана (толщина материала)
N: 50 # Кол-во слоев (целое)
X_p_start: 0.0029 # Стартовое положение рабочей точки;

#region physical measures

E: 4740

A_e_I: 0.000000897
A_e_II: 0.0000000313

K_e_I: 1.5
K_e_II: 0.039

Mu_1_I: 0
Mu_1_II: 0

Mu_2_I: 0.00159
Mu_2_II: 0.00066

C_p_w: 1877

Ro_vi_II: 681
Ro_e_I: 1297.4

C_p_e_I: 1288.9
C_p_e_II: 1829.8

T_infinitive: 243
T_s_3: 273.2
T_s_eq: 253.15
T_II_ref: 293

W_eq: 0.05
W_p: 0.7
W_p_star: 0.725

delta_h_s: 2616666.7

#endregion
